5.761472700000000202e+01 -4.178608700000000198e+01 -5.278596300000000241e+01
1.039106300000000083e+01 -8.214840999999999838e+00 -2.562843000000000160e+01
1.169361899999999999e+01 -6.740592999999999613e+00 -2.603000400000000170e+01
2.333701800000000048e+01 2.550276000000000209e+00 -2.244855300000000042e+01
2.832900400000000118e+01 4.027873999999999732e+00 -1.486006899999999931e+01
6.258267000000000024e+00 -1.934273400000000009e+01 -4.129564000000000235e+00
3.660745899999999864e+01 -1.055563399999999952e+01 -1.139089399999999941e+01
3.622858500000000248e+01 -3.047016000000000169e+00 -1.831350000000000122e+01
4.502709399999999818e+01 -2.047540000000000049e+01 -4.660074099999999930e+01
5.993708699999999823e+01 -4.308427300000000315e+01 -4.314737000000000222e+01
6.171355700000000155e+01 -5.302488999999999919e+01 -5.570387900000000059e+01
5.967752899999999983e+01 -3.521727299999999872e+01 -2.236170900000000117e+01
6.895556899999999700e+01 -3.216322000000000259e+01 -4.502168400000000048e+01
5.718279400000000123e+01 -1.584438300000000055e+01 -3.275058599999999842e+01
5.503849699999999956e+01 -4.207921900000000193e+01 -5.814830099999999646e+01
3.886723599999999834e+01 -2.816769599999999940e+01 -4.897482800000000225e+01
2.895500099999999932e+01 1.321839999999999959e-01 -2.858004599999999940e+01
6.257997999999999905e+01 -5.440051499999999862e+01 -4.999932199999999938e+01
6.485542200000000435e+01 -3.606184799999999768e+01 -5.061724999999999852e+01
5.000534300000000343e+01 -1.528543799999999919e+01 -4.207334999999999781e+01
1.435138199999999919e+01 -1.389719000000000015e+01 -5.869130000000000180e-01
3.874531999999999865e+00 -1.778100099999999983e+01 -1.765683800000000048e+01
6.922277000000000236e+00 -2.095399499999999904e+01 -3.219953999999999983e+00
1.687101900000000043e+01 -2.023975599999999986e+01 5.020538000000000167e+00
-6.845280000000000253e-01 -2.150269700000000128e+01 -5.438602000000000380e+00
4.993046999999999791e+00 -1.979101599999999905e+01 3.532157999999999909e+00
1.318387399999999943e+01 -2.056447000000000003e+01 9.458294999999999675e+00
1.465519899999999964e+01 -3.098145900000000097e+01 6.603538000000000352e+00
1.060843999999999898e+00 -2.892967399999999856e+01 -2.917336999999999847e+00
6.334532000000000274e+00 -2.775688399999999945e+01 -1.929694900000000146e+01
1.977447499999999891e+01 -3.017691599999999852e+01 -4.156015000000000015e+00
1.031253399999999942e+01 -3.407521500000000003e+01 -1.394600100000000076e+01
2.142095099999999874e+01 -7.055677000000000199e+00 -8.816920000000000313e-01
3.476020499999999913e+01 -2.023523099999999886e+01 -6.134712000000000387e+00
8.624698999999999671e+00 -3.710666400000000209e+01 -3.892212999999999923e+00
4.543406699999999887e+01 -9.154600000000000293e+00 -2.430479100000000159e+01
2.915886700000000076e+01 -1.965949300000000122e+01 -4.707737300000000147e+01
4.032952199999999721e+01 -1.031722199999999923e+01 -3.381023199999999918e+01
5.165761599999999731e+01 -2.779091499999999826e+01 -1.452804399999999951e+01
5.370951699999999818e+01 -2.986309999999999931e+01 -5.072069900000000331e+01
5.926461499999999916e+01 -3.816393500000000216e+01 -3.472397300000000087e+01
6.318413400000000024e+01 -2.327752299999999863e+01 -4.001572800000000285e+01
4.820641599999999727e+01 -3.515028999999999826e+01 -5.258186200000000099e+01
5.850960299999999847e+01 -2.587995799999999846e+01 -4.607140299999999655e+01
1.863878000000000057e+01 -1.557018099999999983e+01 -4.343909299999999973e+01
6.319551999999999836e+00 -1.949395799999999923e+01 -2.137594700000000003e+01
1.298444300000000062e+01 -1.505929899999999932e+01 -3.887633499999999742e+01
3.770802700000000129e+01 -2.949515799999999999e+01 -4.221289999999999765e+00
2.709627899999999912e+01 -2.969242099999999951e+01 -2.893739000000000061e+00
1.614536299999999969e+01 -2.846709000000000156e+00 -2.614387500000000131e+01
6.782860499999999604e+01 -3.668381000000000114e+01 -4.481802199999999914e+01
6.185876400000000075e+01 -2.284482399999999913e+01 -2.600759100000000146e+01
2.699918999999999869e+01 -2.076998999999999818e+00 -2.383312000000000097e+00
6.101331700000000069e+01 -4.926337300000000141e+01 -5.959595900000000057e+01
6.310618600000000100e+01 -4.706177499999999725e+01 -5.786052099999999854e+01
4.931174299999999988e+01 -1.555731399999999987e+01 -1.568932900000000075e+01
6.618029400000000351e+01 -3.039900899999999950e+01 -3.487972800000000007e+01
6.195618799999999737e+01 -5.202038199999999790e+01 -4.234427900000000022e+01
5.299422299999999808e+01 -4.386817800000000034e+01 -2.436662400000000162e+01
4.633753899999999959e+01 -3.692055599999999771e+01 -1.308282699999999998e+01
5.676002499999999884e+01 -4.751153399999999749e+01 -3.414369599999999849e+01
1.846721300000000099e+01 -1.094739099999999965e+01 6.690800000000000081e-01
2.715319099999999963e+01 -2.089302899999999852e+01 7.741780000000000328e-01
5.221044000000000018e+00 -1.279970800000000075e+01 -2.369351400000000041e+01
4.249120999999999704e+00 -1.266829300000000025e+01 -3.043035799999999824e+01
3.594927599999999757e+01 -9.436683000000000376e+00 -4.382585600000000170e+01
2.549197300000000155e+01 -5.425157999999999703e+00 -3.414242099999999880e+01
6.332578199999999669e+01 -4.601840599999999881e+01 -5.014277799999999985e+01
6.576217599999999663e+01 -5.280869400000000269e+01 -5.532609599999999972e+01
6.814308099999999513e+01 -4.415668099999999896e+01 -5.314425099999999702e+01
2.089818199999999848e+01 -2.197701599999999900e+01 -4.054098499999999916e+01
1.457653900000000036e+01 -2.376599500000000020e+01 -3.218139899999999898e+01
1.655353500000000011e+01 -2.098413299999999992e+01 -3.751515700000000209e+01
1.267509300000000039e+01 -2.155662399999999934e+01 -3.478025999999999840e+01
1.633143300000000053e+01 -3.168943200000000004e+01 -2.713031199999999998e+01
2.291531399999999863e+01 -3.091751100000000108e+01 -1.305311900000000058e+01
1.971634699999999896e+01 -3.395570899999999881e+01 -2.086058399999999935e+01
3.753862900000000025e+01 -3.486531599999999997e+01 -1.481155700000000053e+01
2.955754500000000107e+01 -3.194816600000000051e+01 -1.405970600000000026e+01
2.680101099999999903e+01 -3.553716099999999756e+01 -2.270829900000000023e+01
3.295157499999999828e+01 -3.683414400000000199e+01 -2.557975300000000018e+01
2.259961099999999945e+01 -3.176295899999999861e+01 -3.131495500000000121e+01
2.930163800000000052e+01 -3.518758499999999856e+01 -3.351547099999999801e+01
2.088674299999999917e+01 -2.711699199999999976e+01 -3.400075700000000012e+01
2.629967999999999861e+01 -2.899049099999999868e+01 -3.757744999999999891e+01
5.592521200000000192e+01 -4.900832199999999972e+01 -4.944046300000000116e+01
5.217578000000000316e+01 -4.075594099999999997e+01 -5.410161800000000198e+01
5.699499800000000249e+01 -5.157626299999999731e+01 -4.636670600000000064e+01
5.645388100000000264e+01 -4.313978300000000132e+01 -5.222624799999999823e+01
5.635798799999999886e+01 -5.141313900000000103e+01 -4.188671500000000236e+01
4.701021300000000025e+01 -3.542515000000000214e+01 -4.988576100000000224e+01
5.436540099999999853e+01 -4.939287399999999906e+01 -3.727918600000000282e+01
5.109634400000000198e+01 -4.712552500000000322e+01 -4.128671400000000347e+01
4.925749199999999917e+01 -4.437588000000000221e+01 -4.479351700000000136e+01
4.899397600000000352e+01 -3.907777099999999848e+01 -4.718202600000000047e+01
3.638409200000000254e+01 -3.109070699999999832e+01 -4.738901899999999756e+01
4.225739500000000248e+01 -4.145658699999999897e+01 -4.100095799999999713e+01
4.447127100000000155e+01 -4.446866299999999939e+01 -3.632842200000000332e+01
4.816655300000000040e+01 -4.573138399999999848e+01 -2.812858400000000003e+01
4.031901200000000074e+01 -3.579496400000000023e+01 -4.373258599999999774e+01
4.243909699999999674e+01 -4.121983600000000081e+01 -2.041174499999999981e+01
3.759314499999999981e+01 -4.189483800000000002e+01 -2.985459900000000033e+01
3.589759000000000100e+01 -3.858060100000000148e+01 -3.765074500000000057e+01
3.328662299999999874e+01 -3.261305600000000027e+01 -4.086992599999999953e+01
2.874903300000000073e+01 -2.639537400000000034e+01 -4.447701299999999947e+01
5.448988400000000354e+01 -6.773066199999999526e+01 -4.284066099999999722e+01
3.464290999999999787e+00 -3.648518099999999720e+01 -2.680540799999999990e+01
-7.865812000000000026e+00 -3.245589499999999816e+01 -5.010101399999999927e+01
2.312434999999999796e+00 -1.928759700000000166e+01 -4.461248299999999745e+01
-6.245551999999999992e+00 -4.105483399999999961e+01 -5.994609400000000221e+01
4.674207400000000234e+01 -6.402720399999999756e+01 -2.600960299999999847e+01
3.754220800000000224e+01 -5.744761400000000151e+01 -7.160729200000000105e+01
7.129787000000000319e+00 -1.776990299999999934e+01 -4.410478200000000015e+01
3.939076500000000181e+01 -6.434447299999999359e+01 -3.275963099999999883e+01
6.700643999999999600e+00 -2.276518199999999936e+01 -3.324655200000000121e+01
1.725895300000000177e+01 -4.838550599999999946e+01 1.496400500000000022e+01
3.212282199999999932e+01 -4.057294000000000267e+01 1.091748600000000025e+01
2.259198999999999913e+01 -3.290449799999999669e+01 4.035426000000000180e+00
4.700562999999999825e+00 -3.019361299999999915e+01 -2.654761200000000088e+01
9.106709999999999638e+00 -5.609117700000000184e+01 -6.325457000000000107e+00
3.482954099999999897e+01 -5.712442500000000223e+01 -5.014297000000000004e+00
-4.436684999999999768e+00 -4.338965999999999923e+01 -3.587636799999999937e+01
5.406823099999999727e+01 -6.892036799999999630e+01 -5.208973000000000297e+01
8.346019999999999550e-01 -3.987358700000000056e+01 -2.869498799999999861e+01
1.256840200000000074e+01 -3.995898700000000048e+01 7.431313000000000279e+00
1.569539299999999926e+01 -3.500982599999999678e+01 3.512227999999999906e+00
7.684129999999999683e+00 -4.840136300000000347e+01 -1.912714000000000070e+01
2.590873600000000110e+01 -6.127142400000000322e+01 -1.205740699999999954e+01
1.244163099999999922e+01 -4.553054999999999808e+01 1.043085800000000063e+01
2.703260399999999919e+01 -4.782928600000000330e+01 1.477281999999999940e+01
2.770869799999999827e+01 -3.311439000000000021e+01 6.342952000000000368e+00
6.726356000000000002e+00 -4.681716999999999729e+01 -6.549378699999999753e+01
4.199314900000000250e+01 -5.960826500000000294e+01 -1.448391499999999965e+01
3.082006099999999904e+01 -6.477486899999999537e+01 -2.216177800000000175e+01
1.734984299999999990e+01 -6.055769000000000091e+01 -4.066963100000000253e+01
5.087028399999999806e+01 -6.517272400000000232e+01 -3.476144599999999940e+01
4.494301099999999849e+01 -6.964626300000000469e+01 -4.053059900000000226e+01
1.966858200000000068e+01 -5.128819299999999970e+01 -6.166745499999999680e+01
4.530551100000000275e+01 -6.864897399999999550e+01 -5.894017600000000101e+01
3.812500000000000000e+01 -6.726405599999999652e+01 -5.483543600000000140e+01
3.000912699999999944e+01 -5.418195399999999751e+01 -6.674320799999999565e+01
8.000628000000000739e+00 -2.430326900000000023e+01 -3.050770999999999944e+01
3.132537400000000005e+01 -3.280473500000000087e+01 -5.478112699999999791e+01
4.164934999999999832e+01 -3.812145499999999743e+01 -5.934524900000000258e+01
2.194651700000000005e+01 -2.287006099999999975e+01 -5.550333700000000192e+01
1.337085399999999957e+01 -1.913629200000000097e+01 -4.793009399999999687e+01
5.203492500000000121e+01 -4.693676599999999866e+01 -6.504151799999999639e+01
2.697392200000000173e+01 -6.402514999999999645e+01 -4.859358600000000195e+01
6.320171000000000205e+00 -3.332474500000000006e+01 -2.257355000000000089e+01
1.045862100000000083e+01 -4.183389300000000333e+01 -1.557873200000000047e+01
5.934827099999999689e+01 -6.053878199999999765e+01 -4.410381600000000191e+01
-7.182074000000000069e+00 -5.287697599999999909e+01 -5.466607499999999931e+01
5.111531399999999792e+01 -5.429409299999999661e+01 -2.442661500000000174e+01
-9.643193000000000126e+00 -4.046186399999999850e+01 -4.464150500000000221e+01
5.938709800000000172e+01 -5.970542900000000230e+01 -5.945703400000000016e+01
6.036458199999999863e+01 -6.290446099999999774e+01 -5.033104800000000267e+01
8.250489999999999213e+00 -5.274962099999999765e+01 -5.499209400000000159e+01
4.245944300000000027e+01 -4.823881200000000291e+01 -1.285397799999999968e+01
3.139058800000000105e+01 -6.335341199999999873e+01 -6.524222299999999564e+01
5.611233099999999752e+01 -5.750925800000000265e+01 -3.425240300000000104e+01
4.089834299999999701e+01 -6.526668499999999540e+01 -6.941447800000000257e+01
1.752642700000000175e+01 -4.114009099999999819e+01 -9.120430999999999955e+00
2.014298600000000050e+01 -5.781119000000000341e+01 -6.074075200000000052e+01
5.994948699999999775e+01 -5.365677500000000322e+01 -6.636668799999999635e+01
2.624371000000000009e+01 -3.448521099999999961e+01 -1.275965000000000016e+00
3.733783400000000086e+01 -4.112417800000000057e+01 4.797500000000000098e-01
4.290146000000000015e+00 -1.844923599999999908e+01 -3.897722300000000217e+01
5.926090000000000302e+00 -1.849322599999999994e+01 -3.792945499999999726e+01
1.452260899999999921e+01 -2.630743100000000112e+01 -4.297520999999999702e+01
1.248649200000000015e+01 -2.984617700000000085e+01 -3.644103199999999987e+01
1.725878300000000110e+01 -2.809128799999999870e+01 -4.771291399999999783e+01
1.131291599999999953e+01 -2.573195199999999971e+01 -4.014946700000000135e+01
1.468699600000000061e+01 -3.759608000000000061e+01 -2.963366800000000012e+01
1.724058499999999938e+01 -4.475615700000000174e+01 -2.291360099999999989e+01
2.025878600000000063e+01 -4.394512399999999985e+01 -1.501618099999999956e+01
2.754538799999999910e+01 -4.327225099999999713e+01 -1.380610300000000024e+01
3.442991200000000163e+01 -4.543724399999999974e+01 -1.580517299999999992e+01
2.245758999999999972e+01 -4.525774100000000288e+01 -2.615549299999999988e+01
2.910838400000000092e+01 -4.787162000000000006e+01 -2.707335600000000042e+01
1.892025299999999888e+01 -3.929680400000000162e+01 -3.456152600000000064e+01
2.310595100000000102e+01 -4.376224200000000053e+01 -3.883578399999999675e+01
1.700220699999999852e+01 -3.427604000000000184e+01 -3.921788099999999844e+01
2.221540500000000051e+01 -3.697447199999999867e+01 -4.258295900000000245e+01
5.130729300000000137e+01 -4.460589999999999833e+01 -5.718493399999999838e+01
5.489984900000000323e+01 -5.829931200000000047e+01 -4.389455499999999688e+01
5.327423699999999940e+01 -5.463894299999999760e+01 -5.326722199999999674e+01
5.514413900000000268e+01 -5.844566700000000026e+01 -4.828221400000000330e+01
5.548070200000000085e+01 -4.753515500000000316e+01 -5.686921000000000248e+01
4.361571500000000157e+01 -4.091714400000000040e+01 -5.632569699999999813e+01
5.182826800000000134e+01 -5.617858499999999822e+01 -3.861863000000000312e+01
4.536419000000000068e+01 -4.777220899999999659e+01 -5.337357200000000290e+01
4.683055300000000187e+01 -5.258442600000000056e+01 -4.943133199999999761e+01
4.826014299999999935e+01 -5.506455199999999905e+01 -4.404877400000000165e+01
3.457123299999999944e+01 -3.701363099999999662e+01 -5.339505599999999674e+01
3.885167899999999719e+01 -5.012742599999999982e+01 -4.590608199999999783e+01
4.024762700000000137e+01 -5.291278499999999951e+01 -3.833827200000000346e+01
4.635753600000000318e+01 -5.420993399999999696e+01 -3.014859099999999970e+01
3.729628499999999747e+01 -4.395763600000000082e+01 -4.981551799999999730e+01
4.028742400000000146e+01 -5.030469599999999986e+01 -2.049988400000000155e+01
3.456605400000000117e+01 -5.160185200000000094e+01 -3.225569200000000336e+01
3.016819900000000132e+01 -4.803337599999999696e+01 -4.084897699999999787e+01
2.937083399999999855e+01 -4.072561499999999768e+01 -4.651682499999999720e+01
2.395772799999999947e+01 -3.226021999999999679e+01 -5.082136299999999807e+01
1.102485500000000052e+01 -4.981821599999999961e+01 -6.045259999999999856e+00
2.861715699999999885e+01 -5.459090700000000140e+01 2.853779999999999983e+00
3.382756200000000035e+01 -4.188140899999999789e+01 5.131511999999999851e+00
2.140152600000000049e+01 -3.861293400000000275e+01 -1.193907999999999969e+00
1.889748600000000067e+01 -5.905799499999999824e+01 1.796675999999999940e+00
2.796903599999999912e+01 -3.702582499999999754e+01 2.838541999999999899e+00
3.207605600000000123e+01 -6.510399099999999351e+01 -3.956693599999999833e+01
4.049920000000000186e+01 -6.777234500000000139e+01 -4.719937600000000089e+01
2.323070099999999982e+01 -6.289084100000000177e+01 -3.221927999999999770e+01
4.694579199999999730e+01 -6.992178300000000490e+01 -5.157991799999999927e+01
1.528015100000000004e+01 -6.010136399999999668e+01 -2.120808999999999855e+01
7.356982999999999606e+00 -5.561551599999999951e+01 -3.498582700000000045e+01
-8.584524999999999295e+00 -4.817867100000000136e+01 -4.662157299999999793e+01
-9.152196999999999250e+00 -3.698176999999999737e+01 -5.447292999999999807e+01
5.926234000000000002e+00 -2.772667600000000121e+01 -5.923925299999999794e+01
2.495528799999999947e+01 -3.955835199999999929e+01 -5.979456299999999658e+01
1.446790700000000029e+01 -3.027277199999999979e+01 -6.668866099999999619e+01
3.634894299999999845e+01 -4.481867900000000304e+01 -6.652716100000000665e+01
-5.479784999999999684e+00 -2.472805299999999917e+01 -5.045635800000000160e+01
4.547295299999999685e+01 -5.268327200000000232e+01 -7.063526500000000397e+01
5.172646000000000299e+01 -6.116135100000000335e+01 -7.002636900000000253e+01
5.426519600000000310e+01 -6.421142600000000300e+01 -6.097395099999999957e+01
-1.963194000000000106e+00 -2.614160199999999890e+01 -5.437481999999999971e+01
1.660239999999999938e+00 -5.351775800000000061e+01 -2.910063299999999842e+01
4.818992800000000187e+01 -6.801081999999999539e+01 -4.571093199999999968e+01
1.466955500000000079e+01 -4.417085800000000262e+01 -5.755683999999999578e+00
4.564089899999999744e+01 -1.563791200000000003e+01 -5.371859200000000101e+01
6.564748099999999909e+01 -3.479737800000000192e+01 -1.827282500000000098e+01
6.171687399999999712e+01 -8.064353999999999800e+00 -3.306470199999999693e+01
3.784806499999999829e+01 -2.325453800000000015e+01 -5.505942199999999787e+01
5.220743800000000334e+01 -6.530467999999999940e+00 -4.405074799999999868e+01
5.051214099999999974e+01 -1.943372000000000099e+00 -2.135821100000000072e+01
2.769623899999999850e+01 -1.523117300000000007e+01 -5.202326599999999956e+01
3.889508599999999916e+01 8.288299999999999557e-01 -3.612538599999999889e+01
5.457648400000000066e+01 -2.686426000000000158e+01 -6.194239999999999746e+00
5.212989199999999812e+01 -2.472483799999999832e+01 -5.735775499999999738e+01
6.583354599999999834e+01 -3.901807399999999859e+01 -2.967561600000000155e+01
6.840120600000000195e+01 -1.675249200000000016e+01 -3.813375800000000027e+01
4.652221699999999771e+01 -3.173521099999999961e+01 -5.694042300000000267e+01
6.136509800000000325e+01 -1.613514500000000140e+01 -5.067442799999999892e+01
6.796562199999999621e+01 -1.982883199999999846e+01 -1.861437300000000050e+01
5.390167300000000239e+01 -9.420602000000000587e+00 -1.138841299999999990e+01
7.311376300000000583e+01 -2.689911499999999833e+01 -2.950884699999999938e+01
3.494809899999999914e+01 -1.898381000000000096e+00 -4.874170999999999765e+01
5.659316100000000205e+01 -3.962133299999999991e+01 -5.590530600000000305e+01
6.332064799999999849e+01 -4.374814400000000347e+01 -4.381327199999999777e+01
7.382762099999999350e+01 -2.735089500000000129e+01 -4.356387099999999890e+01
5.388902699999999868e+01 -4.175341499999999684e+01 -6.155982399999999899e+01
6.788537800000000288e+01 -3.287232800000000310e+01 -5.407785299999999751e+01
7.612429299999999444e+01 -3.556821000000000055e+01 -4.402069199999999682e+01
6.385321499999999872e+01 -5.104144399999999848e+01 -6.486230500000000632e+01
6.476182500000000175e+01 -4.957936800000000233e+01 -5.938817699999999888e+01
6.799981099999999401e+01 -4.962740199999999646e+01 -5.199232099999999690e+01
6.871333099999999661e+01 -5.360369200000000234e+01 -5.802159699999999987e+01
7.400536599999999510e+01 -4.555449800000000238e+01 -5.644802200000000170e+01
6.499472299999999336e+01 -5.442211499999999802e+01 -4.120259999999999678e+01
5.825071599999999705e+01 -4.468143700000000251e+01 -1.797791499999999942e+01
4.927380200000000343e+01 -3.739138599999999713e+01 -5.578928000000000331e+00
5.996312799999999754e+01 -4.838198100000000323e+01 -3.053484500000000068e+01
5.567350700000000074e+01 -7.026082499999999698e+01 -4.266335500000000280e+01
4.825903600000000182e+01 -6.729967499999999347e+01 -2.446103799999999850e+01
3.705105999999999966e+01 -5.672171800000000275e+01 -7.426297900000000141e+01
3.911523700000000048e+01 -6.790380600000000300e+01 -3.269373300000000171e+01
5.527681499999999915e+01 -7.208566000000000429e+01 -5.281252800000000036e+01
2.873631000000000046e+00 -4.732409100000000279e+01 -6.882919900000000268e+01
4.347815200000000146e+01 -6.259922499999999701e+01 -1.297325200000000045e+01
3.091538600000000159e+01 -6.957062700000000177e+01 -2.186018699999999981e+01
1.615164100000000147e+01 -6.628209300000000326e+01 -4.105526100000000156e+01
5.190834399999999960e+01 -6.828771299999999655e+01 -3.352453299999999814e+01
4.515215899999999749e+01 -7.273430899999999610e+01 -4.032041999999999859e+01
1.742597200000000157e+01 -5.120348400000000311e+01 -6.593434499999999332e+01
4.571521800000000013e+01 -7.365551000000000670e+01 -6.078031000000000006e+01
3.800321399999999983e+01 -7.059444899999999734e+01 -5.516259600000000063e+01
2.823884200000000178e+01 -5.373740800000000206e+01 -6.953072799999999631e+01
3.012578900000000104e+01 -3.128499700000000061e+01 -5.716333499999999646e+01
4.019750200000000007e+01 -3.713117299999999688e+01 -6.243131000000000341e+01
2.132562499999999872e+01 -2.267861800000000017e+01 -5.697637199999999780e+01
5.194193400000000338e+01 -4.653355299999999772e+01 -6.807419299999999396e+01
2.595825800000000072e+01 -6.946283499999999833e+01 -4.998621800000000093e+01
5.164697300000000268e+01 -5.620252399999999682e+01 -2.307955099999999860e+01
6.277509000000000228e+00 -5.411943699999999779e+01 -5.714128000000000185e+01
4.418368600000000157e+01 -5.090345200000000148e+01 -1.008891200000000055e+01
3.026603199999999916e+01 -6.655834600000000023e+01 -6.814407900000000495e+01
5.791629400000000061e+01 -6.083707100000000167e+01 -3.298312899999999814e+01
4.000246899999999783e+01 -6.795556999999999448e+01 -7.227230400000000543e+01
1.869039199999999923e+01 -5.952724500000000063e+01 -6.188765599999999978e+01
6.209596799999999917e+01 -6.364717199999999764e+01 -6.222084100000000007e+01
6.163876100000000235e+01 -5.700091499999999911e+01 -7.134586799999999585e+01
2.325638000000000094e+00 -3.609648599999999874e+01 -2.548093400000000130e+01
4.841295999999999822e+00 -1.771313599999999866e+01 -2.883249999999999980e-01
1.312085399999999957e+01 -1.271637300000000081e+01 4.418016999999999861e+00
2.716832999999999831e+00 -1.644987400000000122e+01 -1.565886800000000001e+01
5.290793999999999997e+00 -2.176801599999999937e+01 -3.145654199999999889e+01
5.510315000000000296e+00 -1.906838899999999981e+01 -5.418809999999999460e-01
1.657044799999999896e+01 -1.978891000000000133e+01 8.775245999999999214e+00
2.178654699999999877e+01 -3.147382999999999953e+01 3.646507999999999861e+00
3.787056000000000200e+00 -3.015117300000000000e+01 -2.454445000000000121e+01
-2.864160000000000039e+00 -1.894267299999999921e+01 -7.259913000000000061e+00
4.058473000000000219e+00 -1.773024600000000106e+01 4.054321999999999981e+00
1.439201699999999917e+01 -1.997889199999999832e+01 1.192708099999999938e+01
1.649729100000000059e+01 -3.226470299999999725e+01 7.334760000000000169e+00
4.511499999999999955e-01 -3.051782800000000151e+01 -4.394118999999999886e+00
3.886677999999999855e+00 -2.854251400000000061e+01 -1.747337599999999824e+01
2.015802599999999956e+01 -3.096420699999999826e+01 -2.613236000000000114e+00
1.035868900000000004e+01 -3.700814499999999896e+01 -1.068363500000000066e+01
-4.465830000000000077e-01 -3.963945300000000316e+01 -2.709470100000000059e+01
1.133567200000000064e+01 -3.945531700000000086e+01 6.494460000000000122e+00
1.484921600000000019e+01 -3.401262499999999989e+01 3.491505000000000081e+00
6.216273000000000160e+00 -4.797006300000000323e+01 -1.855801100000000048e+01
2.889549399999999935e+01 -3.317679700000000054e+01 6.289386000000000365e+00
7.801460999999999757e+00 -3.966045799999999844e+01 -4.835055999999999798e+00
3.455963999999999814e+00 -1.999839499999999859e+01 -1.888900200000000140e+01
6.793117999999999768e+00 -2.250804099999999863e+01 -2.902140599999999893e+01
4.596307999999999616e+00 -3.241912399999999650e+01 -2.042306100000000058e+01
9.111819000000000557e+00 -4.112183499999999725e+01 -1.275883600000000051e+01
2.659759999999999991e+01 -2.854509300000000138e+01 4.452369000000000021e+00
1.692079000000000022e+01 -4.001913100000000156e+01 -7.207760000000000389e+00
2.653920799999999858e+01 -3.333719299999999919e+01 1.481773999999999925e+00
1.819316099999999992e+01 -1.147518299999999947e+01 6.810069999999999624e+00
2.493261299999999991e+01 -2.014712899999999962e+01 7.861327000000000176e+00
9.000820000000000487e-01 -1.196991900000000086e+01 -2.374459999999999837e+01
3.015544999999999920e+00 -1.656584600000000052e+01 -3.797079099999999841e+01
1.391923000000000021e+00 -1.231971899999999920e+01 -3.301268199999999808e+01
3.776155999999999846e+00 -1.630945699999999832e+01 -3.755255799999999766e+01
1.130954000000000015e+00 -1.775740300000000005e+01 -4.415209000000000117e+01
3.623095999999999872e+00 -6.173436999999999841e+00 -2.778087599999999924e+01
6.384881000000000029e+00 -1.647009999999999863e+01 -4.475105500000000092e+01
6.707374999999999865e+00 -1.111650099999999952e+01 -4.076086600000000004e+01
3.352708200000000005e+01 -4.089160300000000348e+01 1.034831400000000023e+01
2.223985800000000168e+01 -6.687262999999999735e+00 5.344828999999999830e+00
3.592690199999999834e+01 -1.748693499999999901e+01 -1.025711999999999957e+00
3.955061899999999753e+01 -3.105214399999999841e+01 4.235376999999999725e+00
3.870531199999999927e+01 -4.015399299999999982e+01 2.929237000000000091e+00
9.385358999999999341e+00 -3.417294000000000054e+00 -2.868934199999999990e+01
2.366486599999999996e+01 9.054601999999999151e+00 -2.135190400000000110e+01
2.733132300000000114e+01 8.582314999999999472e+00 -1.169975799999999921e+01
3.952179499999999734e+01 -5.307743999999999573e+00 -5.622576999999999714e+00
3.757980899999999735e+01 3.310938999999999854e+00 -1.616714500000000143e+01
2.898722300000000018e+01 8.800770999999999233e+00 -2.980520399999999981e+01
1.613706499999999977e+01 -1.138118899999999911e+01 -4.502478099999999728e+01
1.549923899999999932e+01 1.438148999999999900e+00 -2.778343500000000077e+01
2.837661699999999954e+01 3.707953999999999972e+00 -8.483389999999999542e-01
2.304720299999999966e+01 1.113447999999999993e+00 -3.785647600000000068e+01
-1.039156099999999938e+01 -3.259423799999999716e+01 -5.181218100000000248e+01
-9.580790999999999613e+00 -4.169344699999999904e+01 -6.315974299999999886e+01
-4.420999999999999930e-02 -5.426467999999999847e+01 -2.771760799999999847e+01
-6.053392999999999802e+00 -4.354429499999999820e+01 -3.442770900000000012e+01
1.187196800000000074e+01 -1.888904099999999886e+01 -4.825570299999999690e+01
-1.031979100000000038e+01 -5.473774999999999835e+01 -5.667264099999999871e+01
-1.158233399999999946e+01 -4.066457299999999719e+01 -4.399637299999999840e+01
1.790877599999999958e+01 -5.033015699999999981e+01 1.627334899999999962e+01
3.555318299999999709e+01 -6.081904800000000222e+01 -3.158471000000000029e+00
2.604342400000000168e+01 -6.563131799999999316e+01 -1.132261500000000076e+01
1.091013700000000064e+01 -4.590444500000000261e+01 1.031703100000000006e+01
2.845974800000000116e+01 -4.975575899999999763e+01 1.528304900000000011e+01
9.695002999999999815e+00 -4.922623300000000057e+01 -6.379617999999999789e+00
2.035496399999999895e+01 -3.832503400000000227e+01 -2.516045000000000087e+00
1.372128999999999976e+01 -4.261273299999999864e+01 -5.825421999999999656e+00
2.816388800000000003e+01 -3.542379900000000248e+01 3.050212000000000145e+00
2.960974799999999973e+01 -5.766361899999999707e+01 4.554317000000000171e+00
3.609483999999999781e+01 -4.162946099999999916e+01 6.276196999999999804e+00
1.885667000000000115e+01 -6.144014800000000065e+01 2.756184000000000189e+00
7.916736000000000217e+00 -5.780619099999999833e+01 -6.186588000000000420e+00
-1.173653000000000013e+01 -3.680805800000000261e+01 -5.599443099999999873e+01
-1.075900700000000043e+01 -4.868272600000000239e+01 -4.630847399999999681e+01
6.147739999999999760e+00 -5.984778200000000226e+01 -3.518073400000000106e+01
1.489633300000000027e+01 -6.393930600000000197e+01 -2.087045399999999873e+01
2.253327499999999972e+01 -6.843100699999999392e+01 -3.239424999999999955e+01
3.192731500000000011e+01 -6.894408699999999612e+01 -4.011426999999999765e+01
4.062462299999999971e+01 -7.095492900000000702e+01 -4.766933800000000332e+01
6.254294800000000265e+01 -6.539389099999999644e+01 -5.141125699999999910e+01
4.728271300000000110e+01 -7.378566399999999703e+01 -5.243616699999999753e+01
6.613428299999999638e+01 -5.626703799999999944e+01 -5.023458899999999971e+01
6.563146899999999562e+01 -5.839618000000000109e+01 -5.870928700000000333e+01
6.097474600000000322e+01 -6.322201199999999943e+01 -4.201565999999999690e+01
1.297473399999999977e+01 -2.827606099999999856e+01 -7.245520199999999988e+01
3.276129000000000069e+00 -2.648036099999999848e+01 -6.319069700000000012e+01
2.332867399999999947e+01 -3.722001300000000157e+01 -6.437722200000000328e+01
3.471992099999999937e+01 -4.378953899999999777e+01 -6.926951900000000251e+01
4.521050000000000324e+01 -5.269735800000000125e+01 -7.250417699999999854e+01
5.461068600000000117e+01 -6.765350100000000566e+01 -6.242544000000000182e+01
5.166058600000000212e+01 -6.409490800000000377e+01 -7.279332800000000248e+01
-6.853411999999999615e+00 -2.373817299999999975e+01 -5.192538700000000063e+01
-3.832999000000000045e+00 -2.501661199999999852e+01 -5.644384099999999904e+01
4.869912999999999670e+01 -7.221914300000000253e+01 -4.626984199999999703e+01
