6.077031499999999653e+01 -3.397319799999999645e+01 -5.936476499999999845e+01
-3.105914999999999981e+00 -8.093877000000000876e+00 -1.841045899999999946e+01
-6.926980000000000359e-01 -5.796033000000000435e+00 -1.790027999999999864e+01
9.484090000000000131e+00 4.109785999999999717e+00 -1.209113800000000083e+01
1.596251600000000082e+01 6.422081000000000373e+00 -4.744898000000000060e+00
-2.407633000000000134e+00 -1.744286699999999968e+01 1.435170999999999975e+00
3.309814999999999685e+01 -3.730996000000000201e+00 -2.050161000000000122e+00
3.096793800000000019e+01 6.274809000000000303e+00 -1.084312899999999935e+01
4.297090599999999938e+01 -1.262841500000000039e+01 -5.156318999999999875e+01
6.790477699999999572e+01 -3.999693899999999758e+01 -4.374847599999999659e+01
6.306344099999999742e+01 -4.819944799999999674e+01 -6.057168800000000175e+01
6.162580400000000225e+01 -3.173824899999999971e+01 -1.802389900000000011e+01
6.814805099999999527e+01 -2.642254700000000156e+01 -4.835860499999999718e+01
5.812814699999999846e+01 -8.436438000000000770e+00 -3.168608800000000159e+01
5.529994299999999896e+01 -3.923494900000000030e+01 -6.273659899999999823e+01
3.677030299999999841e+01 -2.385430200000000056e+01 -5.449387500000000273e+01
2.242789799999999900e+01 1.126470699999999958e+01 -2.434061000000000163e+01
6.403043700000000626e+01 -4.914954199999999673e+01 -5.419418999999999897e+01
6.601593400000000145e+01 -2.935283899999999946e+01 -5.579581400000000002e+01
5.084630200000000144e+01 -7.082894999999999719e+00 -4.349244199999999694e+01
4.173738000000000170e+00 -1.224235000000000007e+01 5.366492000000000040e+00
-6.462970999999999577e+00 -1.700822199999999995e+01 -1.143458900000000078e+01
-2.056392999999999915e+00 -1.891568699999999836e+01 2.698967999999999812e+00
8.644094000000000833e+00 -1.744169099999999872e+01 1.256353200000000037e+01
-9.342352999999999241e+00 -1.796568600000000160e+01 -1.274019999999999930e+00
-2.335566000000000031e+00 -1.763494899999999888e+01 9.134747000000000838e+00
5.405451000000000228e+00 -1.740351700000000079e+01 1.622973100000000102e+01
8.607779999999999987e+00 -2.683549500000000165e+01 1.324115199999999959e+01
-6.275955999999999868e+00 -2.434593800000000030e+01 1.398212999999999928e+00
-5.599319999999999631e+00 -2.336584099999999964e+01 -1.217209800000000008e+01
1.280150800000000011e+01 -2.823499299999999934e+01 4.204108999999999874e+00
8.427810000000000024e-01 -3.017902000000000129e+01 -7.550819999999999865e+00
1.063433900000000065e+01 -4.821570000000000356e+00 6.985832000000000264e+00
3.147979700000000136e+01 -1.663621499999999997e+01 5.631516000000000410e+00
1.026100000000000012e+00 -3.222295799999999844e+01 1.388665000000000038e+00
4.599770000000000181e+01 2.617289999999999894e-01 -2.185876100000000122e+01
2.173726800000000026e+01 -1.671490999999999971e+01 -4.994316500000000048e+01
3.812627299999999764e+01 3.341302000000000216e+00 -3.377682399999999774e+01
4.906707699999999761e+01 -2.446167600000000064e+01 -7.539112000000000258e+00
5.427131399999999672e+01 -2.417849199999999854e+01 -5.659755400000000236e+01
6.500723499999999433e+01 -3.659806499999999829e+01 -3.233419800000000066e+01
6.485548799999999403e+01 -1.867867899999999892e+01 -4.181844499999999698e+01
4.788581899999999791e+01 -3.144540999999999897e+01 -5.859960600000000142e+01
5.897406399999999849e+01 -1.785721500000000006e+01 -5.034830999999999790e+01
7.132479000000000013e+00 -1.159243000000000023e+01 -4.413214099999999718e+01
-5.434980000000000366e+00 -1.795987300000000175e+01 -1.524814199999999964e+01
-2.378280000000000116e-01 -1.155142500000000005e+01 -3.760797800000000279e+01
3.389428600000000102e+01 -2.815888400000000047e+01 4.212513999999999648e+00
2.102346299999999957e+01 -2.865722200000000086e+01 5.278394999999999726e+00
4.007750999999999841e+00 -1.517840000000000078e+00 -1.639040400000000020e+01
7.121975299999999720e+01 -3.327432300000000254e+01 -4.640017799999999681e+01
6.164529699999999934e+01 -1.780371999999999844e+01 -2.323548600000000164e+01
1.561640200000000078e+01 -2.107970000000000121e-01 7.650763000000000424e+00
6.113913099999999901e+01 -4.540825699999999898e+01 -6.386800900000000070e+01
6.488177799999999706e+01 -4.180802400000000318e+01 -6.241397899999999765e+01
5.012164099999999678e+01 -1.127430799999999955e+01 -9.694829999999999615e+00
6.843845500000000470e+01 -2.697252299999999892e+01 -3.553058099999999797e+01
6.390969799999999879e+01 -4.799589699999999937e+01 -4.416556500000000085e+01
5.328666400000000181e+01 -4.415135699999999730e+01 -1.824141200000000040e+01
4.408914099999999792e+01 -3.600002700000000289e+01 -5.524562000000000417e+00
6.029337199999999797e+01 -4.652940699999999907e+01 -3.209422599999999903e+01
9.546283999999999992e+00 -8.894700000000000273e+00 8.019462000000000756e+00
2.046060400000000001e+01 -1.831942199999999943e+01 8.705135000000000289e+00
-6.723793999999999826e+00 -1.241886799999999980e+01 -1.759054700000000082e+01
-7.094177000000000177e+00 -1.046918600000000055e+01 -2.483516099999999938e+01
3.063567700000000116e+01 -2.267606999999999928e+00 -4.623431699999999722e+01
1.588347000000000087e+01 3.461657000000000206e+00 -3.173566399999999987e+01
6.687426800000000071e+01 -4.284021800000000013e+01 -5.412555299999999647e+01
6.684104800000000068e+01 -4.652314499999999953e+01 -6.002684899999999857e+01
6.986727700000000141e+01 -3.834930299999999903e+01 -5.633546599999999671e+01
1.207610400000000084e+01 -1.944693200000000033e+01 -4.045034700000000072e+01
2.114577999999999847e+00 -2.138897899999999908e+01 -2.873818199999999834e+01
5.036866999999999983e+00 -1.900525499999999823e+01 -3.621377600000000285e+01
-1.415569999999999884e-01 -1.859275299999999831e+01 -3.221066400000000129e+01
6.079736999999999725e+00 -2.980636700000000161e+01 -2.275656000000000034e+01
1.485264600000000002e+01 -3.225620800000000088e+01 -6.115891000000000410e+00
1.115253799999999984e+01 -3.245998900000000020e+01 -1.485795500000000047e+01
3.251360900000000242e+01 -3.724315399999999698e+01 -7.517900000000000027e+00
2.272819199999999995e+01 -3.372221199999999897e+01 -6.936268000000000100e+00
1.921409299999999831e+01 -3.657294600000000173e+01 -1.845749199999999846e+01
2.663729500000000172e+01 -3.864224899999999963e+01 -2.212003500000000145e+01
1.385811999999999955e+01 -3.150105599999999839e+01 -2.833432099999999920e+01
2.153160499999999900e+01 -3.635082200000000086e+01 -3.215828900000000345e+01
1.091619999999999990e+01 -2.664947300000000041e+01 -3.380904000000000309e+01
1.745548499999999947e+01 -2.774286299999999983e+01 -3.799814800000000048e+01
5.602863200000000177e+01 -4.492676600000000064e+01 -5.397325299999999970e+01
5.025325500000000289e+01 -3.826759100000000302e+01 -5.940332500000000238e+01
5.777973699999999724e+01 -4.825953499999999963e+01 -4.975409799999999905e+01
5.426660600000000301e+01 -4.025933299999999804e+01 -5.725947299999999984e+01
5.832710199999999645e+01 -4.896390800000000354e+01 -4.394147600000000153e+01
4.409348599999999863e+01 -3.363001200000000068e+01 -5.513924899999999951e+01
5.422702499999999759e+01 -4.861250400000000127e+01 -3.732071700000000192e+01
4.914312100000000072e+01 -4.672931799999999924e+01 -4.374554100000000290e+01
4.667947199999999697e+01 -4.348790799999999734e+01 -4.884572099999999750e+01
4.496658099999999791e+01 -3.855382699999999829e+01 -5.271029000000000053e+01
3.308284799999999848e+01 -2.858281500000000008e+01 -5.178591000000000122e+01
3.756250099999999748e+01 -4.169972099999999671e+01 -4.402260400000000118e+01
4.066798699999999656e+01 -4.590941999999999723e+01 -3.707484300000000133e+01
4.592779600000000073e+01 -4.723962999999999823e+01 -2.619599300000000142e+01
3.470914499999999947e+01 -3.568753900000000101e+01 -4.754247399999999857e+01
3.894149600000000078e+01 -4.114867199999999769e+01 -1.588273399999999924e+01
3.273428400000000238e+01 -4.323937399999999798e+01 -2.848974099999999865e+01
2.928642599999999874e+01 -3.954370200000000324e+01 -3.855353099999999955e+01
2.640362999999999971e+01 -3.213766400000000090e+01 -4.312102000000000146e+01
2.209872999999999976e+01 -2.407062000000000168e+01 -4.620331000000000188e+01
5.696646700000000152e+01 -6.598534800000000189e+01 -4.573055099999999840e+01
-1.182865199999999994e+01 -3.178914899999999832e+01 -1.649947999999999837e+01
-2.818839600000000090e+01 -2.906260999999999939e+01 -4.917013800000000145e+01
-1.509198100000000053e+01 -1.296676300000000026e+01 -4.267273399999999839e+01
-1.950354799999999855e+01 -3.893816799999999745e+01 -6.164498199999999883e+01
4.576388299999999987e+01 -6.416746899999999698e+01 -2.338639500000000027e+01
3.611527099999999990e+01 -5.774309099999999972e+01 -7.806117500000000575e+01
-8.437391999999999115e+00 -1.274522600000000061e+01 -4.299708400000000097e+01
3.469821600000000217e+01 -6.697734499999999969e+01 -3.290659500000000293e+01
-8.755988999999999578e+00 -1.702549700000000144e+01 -2.702652499999999947e+01
1.436994999999999933e+01 -3.856400200000000211e+01 2.969116400000000056e+01
3.030500400000000027e+01 -3.076594499999999854e+01 2.714381399999999900e+01
1.842914299999999983e+01 -2.400130800000000164e+01 1.860834699999999842e+01
-1.086205999999999960e+01 -2.421520200000000145e+01 -1.814584400000000031e+01
2.296839999999999993e+00 -5.615219100000000196e+01 -1.493036999999999948e+00
3.176485100000000017e+01 -5.587797900000000340e+01 3.135229999999999961e+00
-2.331497699999999895e+01 -4.380108899999999750e+01 -3.103639799999999838e+01
5.581945799999999736e+01 -6.658922699999999395e+01 -5.778306400000000309e+01
-1.512331299999999956e+01 -3.783468299999999829e+01 -1.961312600000000117e+01
8.098655000000000825e+00 -2.977855900000000133e+01 2.139253799999999828e+01
1.131319599999999959e+01 -2.554105399999999904e+01 1.782609899999999925e+01
-3.320917000000000119e+00 -4.761881699999999995e+01 -1.296179799999999993e+01
1.941229600000000133e+01 -6.264145500000000055e+01 -5.986495999999999817e+00
8.557823000000000846e+00 -3.503567600000000226e+01 2.326121099999999942e+01
2.438338099999999997e+01 -3.729183299999999690e+01 3.154671300000000045e+01
2.454921399999999920e+01 -2.394383600000000101e+01 2.091834400000000116e+01
-4.590736999999999846e+00 -4.560172099999999773e+01 -6.950409199999999998e+01
3.812203000000000230e+01 -6.053609500000000310e+01 -8.733041000000000054e+00
2.632852700000000112e+01 -6.499036099999999294e+01 -1.862224799999999902e+01
8.155659999999999243e+00 -6.041422299999999979e+01 -4.374598399999999998e+01
5.293496199999999874e+01 -6.562771100000000501e+01 -3.463176399999999688e+01
4.452124599999999788e+01 -6.990677700000000527e+01 -4.374416699999999736e+01
1.282046000000000063e+01 -5.037871700000000175e+01 -7.403275200000000211e+01
4.441809500000000099e+01 -6.824698200000000270e+01 -6.690093899999999394e+01
3.492828699999999742e+01 -6.724019599999999741e+01 -6.175590900000000261e+01
2.734571299999999994e+01 -5.377359700000000231e+01 -7.466852299999999332e+01
-6.118653000000000119e+00 -1.928039300000000011e+01 -2.457890899999999945e+01
2.874415799999999876e+01 -2.766722400000000093e+01 -6.108387700000000109e+01
4.064879599999999726e+01 -3.643835200000000185e+01 -6.440974500000000091e+01
1.408790600000000026e+01 -2.056850700000000032e+01 -5.730792699999999940e+01
-4.514250000000000207e-01 -1.541665799999999997e+01 -5.029983899999999863e+01
5.068138700000000085e+01 -4.603950799999999788e+01 -6.933194699999999955e+01
2.105240500000000026e+01 -6.295485500000000201e+01 -5.212756499999999704e+01
-6.103066000000000102e+00 -2.840653400000000062e+01 -1.524738100000000074e+01
8.310170000000000057e-01 -3.819687799999999811e+01 -8.790471000000000146e+00
6.240852000000000288e+01 -5.703574100000000158e+01 -4.648135299999999859e+01
-2.271342200000000133e+01 -5.453536499999999876e+01 -5.568674099999999783e+01
5.031415199999999999e+01 -5.461732700000000307e+01 -2.061949399999999955e+01
-3.149220800000000153e+01 -3.925962299999999772e+01 -4.168708300000000122e+01
6.059118999999999744e+01 -5.509057299999999913e+01 -6.528606000000000620e+01
6.237953100000000006e+01 -5.837061400000000333e+01 -5.471611899999999906e+01
-5.906168000000000085e+00 -5.559044200000000302e+01 -6.126297699999999935e+01
4.147370399999999790e+01 -4.751963099999999685e+01 -6.135324999999999918e+00
2.792711800000000011e+01 -6.212677200000000255e+01 -7.379543499999999767e+01
5.835513300000000214e+01 -5.663168399999999991e+01 -3.296845700000000079e+01
3.944651199999999847e+01 -6.433563399999999888e+01 -7.681565299999999752e+01
1.052447599999999994e+01 -3.858005699999999649e+01 -1.336235999999999979e+00
1.091541400000000017e+01 -5.859837900000000133e+01 -6.858135199999999543e+01
5.824231799999999737e+01 -5.174260000000000304e+01 -7.063606699999999705e+01
2.092624400000000051e+01 -3.228948299999999705e+01 7.651750999999999969e+00
3.507188099999999764e+01 -3.880881899999999973e+01 1.023135100000000008e+01
-1.089530799999999999e+01 -1.285316000000000081e+01 -3.471913099999999730e+01
-8.277070000000000149e+00 -1.354678099999999930e+01 -3.391083499999999873e+01
2.461920000000000108e+00 -2.262657000000000096e+01 -4.261730599999999924e+01
-1.108669999999999933e-01 -2.567533999999999850e+01 -3.288889600000000257e+01
7.956226000000000020e+00 -2.438352300000000028e+01 -4.865577300000000349e+01
-2.171784999999999854e+00 -2.110001799999999861e+01 -3.775034200000000340e+01
4.415935000000000166e+00 -3.411429300000000353e+01 -2.442240999999999929e+01
9.391733999999999583e+00 -4.145136500000000268e+01 -1.657907900000000012e+01
1.389817299999999989e+01 -4.096618500000000296e+01 -7.793313000000000379e+00
2.156964699999999979e+01 -4.232617799999999875e+01 -6.673244000000000398e+00
3.110453000000000046e+01 -4.470321100000000314e+01 -8.067505999999999844e+00
1.657815499999999886e+01 -4.235433700000000101e+01 -2.008438200000000151e+01
2.369205200000000033e+01 -4.745893000000000228e+01 -2.394418100000000038e+01
1.110743699999999912e+01 -3.687523600000000101e+01 -3.077115600000000128e+01
1.727640799999999999e+01 -4.208150899999999695e+01 -3.619888300000000214e+01
7.214930999999999983e+00 -3.112189100000000153e+01 -3.774386899999999656e+01
1.529061100000000017e+01 -3.488294700000000148e+01 -4.328093599999999697e+01
4.796546099999999768e+01 -4.321779500000000240e+01 -6.304059999999999775e+01
5.641017200000000287e+01 -5.540751000000000204e+01 -4.602029799999999682e+01
5.323157400000000194e+01 -4.953484000000000265e+01 -5.739560600000000079e+01
5.592087800000000186e+01 -5.505650700000000342e+01 -5.228898099999999971e+01
5.122016200000000197e+01 -4.601595799999999770e+01 -6.221530700000000280e+01
4.078438200000000080e+01 -3.907753799999999700e+01 -6.118284599999999784e+01
5.131397100000000222e+01 -5.495989300000000100e+01 -3.992862099999999970e+01
4.289684199999999947e+01 -4.418458799999999798e+01 -5.774653299999999945e+01
4.459457799999999850e+01 -4.980787200000000325e+01 -5.343014000000000152e+01
4.745595500000000300e+01 -5.292317500000000052e+01 -4.666701799999999878e+01
3.155161899999999875e+01 -3.444938299999999742e+01 -5.706562000000000268e+01
3.541143499999999733e+01 -4.853035100000000313e+01 -4.798953099999999949e+01
3.779672000000000054e+01 -5.253270400000000251e+01 -3.961045200000000222e+01
4.416469500000000181e+01 -5.421329999999999671e+01 -2.781872399999999956e+01
3.377296900000000335e+01 -4.165052399999999722e+01 -5.305740300000000076e+01
3.825309299999999979e+01 -4.974941799999999859e+01 -1.685810499999999834e+01
3.023906099999999952e+01 -5.093326900000000279e+01 -3.064850799999999964e+01
2.543081899999999962e+01 -4.706457499999999783e+01 -4.140898599999999874e+01
2.389206599999999980e+01 -3.902812399999999826e+01 -4.799072300000000268e+01
1.900464500000000001e+01 -2.931006899999999860e+01 -5.307833999999999719e+01
3.970511999999999819e+00 -4.790580299999999880e+01 1.176717000000000013e+00
2.534749000000000052e+01 -5.153719099999999997e+01 1.556269099999999916e+01
3.249486900000000134e+01 -3.684030500000000075e+01 1.705072200000000038e+01
1.615453700000000126e+01 -3.396473000000000297e+01 8.951387999999999678e+00
1.425550499999999943e+01 -5.792932900000000274e+01 1.250926199999999966e+01
2.401736400000000060e+01 -3.288327400000000011e+01 1.354672099999999979e+01
2.756877599999999973e+01 -6.561303900000000056e+01 -4.176577499999999787e+01
3.879398799999999881e+01 -6.881020100000000639e+01 -5.186141700000000299e+01
1.635101200000000077e+01 -6.414458700000000135e+01 -3.072208699999999837e+01
4.716952799999999968e+01 -6.917967899999999304e+01 -5.772064000000000306e+01
5.532690999999999804e+00 -6.277765500000000287e+01 -1.748490999999999929e+01
-8.456941999999999737e+00 -5.971921199999999885e+01 -3.419316899999999748e+01
-2.841251799999999861e+01 -4.984681499999999943e+01 -4.550726300000000180e+01
-2.762504699999999858e+01 -3.466811899999999724e+01 -5.516427900000000051e+01
-9.912646000000000512e+00 -2.542948099999999911e+01 -6.034644699999999773e+01
2.069317399999999907e+01 -3.654573200000000099e+01 -7.031252499999999372e+01
4.787895999999999930e+00 -3.052861700000000056e+01 -6.706317099999999698e+01
3.401053199999999777e+01 -4.500896199999999681e+01 -7.161857100000000287e+01
-2.591166499999999928e+01 -1.930641999999999925e+01 -4.963366500000000059e+01
4.455174399999999935e+01 -5.265029899999999685e+01 -7.566907199999999989e+01
5.113802400000000148e+01 -6.011170700000000267e+01 -7.608822100000000432e+01
5.458230300000000312e+01 -6.192743200000000314e+01 -6.797020999999999447e+01
-2.062150400000000161e+01 -2.138109599999999944e+01 -5.458618799999999993e+01
-1.367866800000000005e+01 -5.594052500000000094e+01 -2.606193299999999979e+01
4.889964499999999958e+01 -6.767675099999999588e+01 -4.987373399999999890e+01
8.160683000000000575e+00 -4.103168699999999802e+01 2.838233999999999924e+00
4.227609600000000256e+01 -1.003553299999999915e+01 -5.678618300000000119e+01
6.512563600000000008e+01 -3.149854600000000104e+01 -1.278738700000000073e+01
6.228589099999999945e+01 -3.180982000000000198e+00 -2.965911399999999887e+01
3.613402899999999818e+01 -2.083467699999999923e+01 -5.829112400000000349e+01
5.140771500000000316e+01 6.580259999999999998e-01 -4.569317499999999654e+01
4.929513099999999781e+01 4.908117999999999981e+00 -1.852573100000000039e+01
2.102126700000000170e+01 -1.379641600000000068e+01 -5.367237399999999781e+01
3.899654100000000057e+01 1.167980299999999971e+01 -3.592384200000000050e+01
5.217399900000000201e+01 -2.275788100000000114e+01 -5.763530000000000042e-01
5.351830700000000007e+01 -2.007804000000000144e+01 -6.138198500000000024e+01
7.020096499999999651e+01 -3.614110199999999651e+01 -2.822360600000000019e+01
6.851193000000000666e+01 -1.237250200000000078e+01 -3.897179599999999766e+01
4.667415100000000194e+01 -2.983018099999999961e+01 -6.099779300000000148e+01
6.023012299999999897e+01 -1.035469900000000010e+01 -5.460931699999999722e+01
6.570649299999999471e+01 -1.450899000000000072e+01 -1.743067900000000137e+01
5.305952899999999772e+01 -8.164236999999999966e+00 -4.669527000000000427e+00
7.400262600000000646e+01 -2.496984199999999987e+01 -3.213309300000000235e+01
3.042668600000000012e+01 1.875096000000000096e+00 -5.204868799999999851e+01
5.987553499999999929e+01 -3.253148399999999896e+01 -6.135928899999999686e+01
7.314537099999999725e+01 -4.073512199999999694e+01 -4.420764900000000353e+01
7.213003700000000151e+01 -2.249440399999999940e+01 -4.786827499999999702e+01
5.461471999999999838e+01 -3.934640000000000271e+01 -6.365996200000000016e+01
6.878326900000000421e+01 -2.545496599999999887e+01 -5.932244800000000140e+01
7.640766100000000449e+01 -3.189936300000000102e+01 -4.606368499999999955e+01
6.344729300000000194e+01 -4.716550399999999854e+01 -6.768726999999999805e+01
6.745576400000000206e+01 -4.363170900000000074e+01 -6.384734000000000265e+01
7.116196600000000672e+01 -4.361854300000000251e+01 -5.640208599999999706e+01
6.924935899999999833e+01 -4.712533700000000181e+01 -6.255086699999999666e+01
7.400199600000000544e+01 -3.904067100000000323e+01 -5.971318899999999985e+01
6.747679399999999816e+01 -4.922519400000000189e+01 -4.338823299999999961e+01
5.697673600000000249e+01 -4.324640699999999782e+01 -1.284695400000000021e+01
4.751257999999999981e+01 -3.523489800000000116e+01 -5.454379999999999784e-01
6.288238199999999978e+01 -4.742890899999999732e+01 -2.761077900000000085e+01
5.855185199999999668e+01 -6.824093100000000334e+01 -4.578278399999999948e+01
4.781898900000000197e+01 -6.711858999999999753e+01 -2.175302399999999992e+01
3.576885300000000001e+01 -5.751016500000000065e+01 -8.000889399999999796e+01
3.479929200000000122e+01 -7.003160599999999647e+01 -3.261067299999999847e+01
5.707591800000000148e+01 -6.939877199999999391e+01 -5.882858999999999838e+01
-7.347813999999999623e+00 -4.563661299999999699e+01 -7.302130999999999972e+01
4.047702400000000011e+01 -6.335254900000000333e+01 -7.009271000000000029e+00
2.660962599999999867e+01 -6.879545199999999738e+01 -1.751159499999999980e+01
7.926279000000000075e+00 -6.435689800000000105e+01 -4.429365599999999858e+01
5.442200900000000274e+01 -6.831540200000000596e+01 -3.313055599999999856e+01
4.460801200000000222e+01 -7.294743200000000627e+01 -4.372388500000000278e+01
1.047259000000000029e+01 -5.014443399999999684e+01 -7.738652299999999684e+01
4.481616000000000355e+01 -7.317036600000000135e+01 -6.904238399999999842e+01
3.474593999999999738e+01 -7.020028399999999635e+01 -6.208538699999999722e+01
2.543612399999999951e+01 -5.350929099999999750e+01 -7.704998399999999492e+01
2.703531299999999860e+01 -2.648495099999999880e+01 -6.266173700000000224e+01
3.917636300000000205e+01 -3.636645500000000197e+01 -6.621898600000000101e+01
1.320541000000000054e+01 -2.016587900000000033e+01 -5.884981400000000207e+01
5.042397700000000071e+01 -4.636236999999999853e+01 -7.173466899999999669e+01
2.082161299999999926e+01 -6.670370599999999683e+01 -5.355616400000000255e+01
5.172954899999999867e+01 -5.649392499999999728e+01 -1.922071000000000041e+01
-8.460582999999999743e+00 -5.705430100000000238e+01 -6.332992000000000132e+01
4.383883000000000152e+01 -4.996645199999999676e+01 -3.726466999999999974e+00
2.688000999999999863e+01 -6.432022700000000270e+01 -7.630984200000000328e+01
6.048995399999999734e+01 -5.961203400000000130e+01 -3.188260700000000014e+01
3.854441899999999777e+01 -6.675425500000000056e+01 -7.979297200000000601e+01
9.121423999999999310e+00 -6.018438900000000302e+01 -7.002256500000000017e+01
6.294175899999999757e+01 -5.870597599999999971e+01 -6.834222499999999911e+01
5.989537899999999837e+01 -5.509778399999999721e+01 -7.486512000000000455e+01
-1.296913499999999964e+01 -3.137607099999999960e+01 -1.496727199999999947e+01
-4.005517000000000216e+00 -1.584904900000000083e+01 5.657160000000000188e+00
3.266950000000000021e+00 -1.055829800000000063e+01 1.113584400000000052e+01
-8.603856999999999644e+00 -1.517252500000000026e+01 -9.649858000000000047e+00
-9.781888000000000361e+00 -1.633779900000000040e+01 -2.522080199999999905e+01
-3.060513999999999957e+00 -1.719892499999999913e+01 5.287663000000000224e+00
8.466231000000000506e+00 -1.655952100000000016e+01 1.626332499999999825e+01
1.729892999999999859e+01 -2.244741000000000142e+01 1.813733300000000170e+01
-1.137337699999999963e+01 -2.434697299999999842e+01 -1.600905300000000153e+01
-1.201575899999999919e+01 -1.551396599999999992e+01 -3.308246000000000020e+00
-3.700972000000000151e+00 -1.586436199999999985e+01 9.737501999999999214e+00
6.701903999999999861e+00 -1.648006200000000021e+01 1.876865700000000103e+01
1.099551800000000057e+01 -2.836706099999999964e+01 1.445581100000000063e+01
-7.466732000000000369e+00 -2.546747299999999825e+01 2.864309999999999912e-01
-7.349141000000000368e+00 -2.398455900000000085e+01 -1.094645500000000027e+01
1.366195300000000046e+01 -2.901061199999999829e+01 5.705454999999999721e+00
1.623645999999999923e+00 -3.297771199999999681e+01 -4.430584999999999773e+00
-1.644857599999999920e+01 -3.734931799999999669e+01 -1.776698000000000022e+01
6.348146999999999984e+00 -2.939746699999999890e+01 2.039706199999999825e+01
1.024525299999999994e+01 -2.419362500000000082e+01 1.800547100000000000e+01
-5.136555999999999678e+00 -4.680643799999999999e+01 -1.191414699999999982e+01
2.575851700000000122e+01 -2.485008300000000148e+01 2.013313300000000083e+01
9.096100000000000019e-02 -3.466853700000000060e+01 7.319120000000000070e-01
-7.956362000000000378e+00 -1.778862600000000072e+01 -1.334631100000000004e+01
-7.075130999999999837e+00 -1.760418100000000052e+01 -2.296713199999999944e+01
-7.561333000000000304e+00 -2.793253999999999948e+01 -1.323097300000000054e+01
-1.521770000000000067e-01 -3.744225699999999790e+01 -5.748346999999999873e+00
2.108256099999999833e+01 -2.624350700000000103e+01 1.200929400000000058e+01
9.977817999999999188e+00 -3.663436899999999952e+01 1.035479000000000038e+00
2.161853299999999933e+01 -3.032261300000000048e+01 1.101919200000000032e+01
8.906800999999999746e+00 -8.781867000000000090e+00 1.386477999999999966e+01
1.827806899999999857e+01 -1.663100299999999976e+01 1.493832100000000018e+01
-1.023268500000000003e+01 -1.063921200000000056e+01 -1.712727500000000092e+01
-1.176918599999999948e+01 -1.136562999999999946e+01 -3.362807500000000260e+01
-1.090789799999999943e+01 -9.078849999999999199e+00 -2.714958800000000139e+01
-1.021193700000000071e+01 -1.162963799999999992e+01 -3.343564400000000347e+01
-1.658390500000000145e+01 -1.142652400000000057e+01 -4.203711700000000207e+01
-9.711309999999999221e+00 -5.388145999999999880e+00 -2.088446899999999928e+01
-9.844962000000000657e+00 -1.118166800000000016e+01 -4.407038000000000011e+01
-6.887730000000000352e+00 -7.852236000000000438e+00 -3.920319400000000343e+01
3.213260499999999809e+01 -3.192034699999999958e+01 2.593878700000000137e+01
1.200121599999999944e+01 -4.312122999999999706e+00 1.410682100000000005e+01
3.337882400000000160e+01 -1.286920300000000061e+01 1.191398700000000055e+01
3.588226300000000180e+01 -2.699379599999999968e+01 1.130464399999999969e+01
3.706339499999999987e+01 -3.704418199999999928e+01 1.307511399999999924e+01
-3.982796000000000003e+00 -2.898934000000000122e+00 -2.103329400000000149e+01
1.055216500000000046e+01 1.070892800000000022e+01 -1.016334799999999916e+01
1.383484400000000036e+01 1.037275999999999954e+01 -7.300999999999999712e-01
3.394441400000000186e+01 -1.408034000000000008e+00 3.169198000000000182e+00
3.190887000000000029e+01 1.284529200000000060e+01 -7.856232000000000326e+00
2.198892599999999931e+01 1.889751000000000047e+01 -2.341248500000000021e+01
3.971912999999999805e+00 -7.491552999999999685e+00 -4.588527799999999957e+01
1.806391999999999998e+00 2.812361000000000111e+00 -1.883462799999999859e+01
1.555442399999999914e+01 4.903944000000000081e+00 9.571820000000000661e+00
1.322497700000000087e+01 9.047513999999999612e+00 -3.472507499999999681e+01
-3.127885200000000054e+01 -2.913805199999999829e+01 -5.105320600000000297e+01
-2.237471899999999891e+01 -3.881230500000000205e+01 -6.501937499999999659e+01
-1.562529499999999949e+01 -5.673066399999999732e+01 -2.468266900000000064e+01
-2.534573100000000068e+01 -4.369552900000000051e+01 -2.922649600000000092e+01
-2.618056999999999856e+00 -1.418916100000000036e+01 -5.161124999999999829e+01
-2.574102699999999899e+01 -5.641521199999999681e+01 -5.755931000000000353e+01
-3.467547600000000330e+01 -3.948594599999999843e+01 -4.057988100000000031e+01
1.545707099999999912e+01 -4.072023200000000287e+01 3.142121099999999956e+01
3.308205399999999941e+01 -5.905013699999999943e+01 5.633364000000000260e+00
1.963175299999999979e+01 -6.631333999999999662e+01 -5.443209999999999660e+00
6.808739000000000097e+00 -3.536929299999999898e+01 2.271494300000000166e+01
2.602560199999999924e+01 -3.892141300000000115e+01 3.253736700000000326e+01
2.218865000000000087e+00 -4.694029700000000105e+01 1.107150000000000079e+00
1.468480300000000049e+01 -3.382607600000000048e+01 7.403813999999999673e+00
6.903495000000000381e+00 -3.883129900000000134e+01 3.168346999999999802e+00
2.418217500000000086e+01 -3.095118499999999884e+01 1.399857199999999935e+01
2.670235800000000026e+01 -5.423482899999999773e+01 1.799200300000000041e+01
3.527862199999999859e+01 -3.613546900000000051e+01 1.842438599999999838e+01
1.426560899999999954e+01 -6.036202099999999859e+01 1.387489700000000070e+01
9.655930000000000346e-01 -5.822571400000000352e+01 -1.849741999999999997e+00
-3.095565699999999865e+01 -3.424323600000000312e+01 -5.693645399999999768e+01
-3.181878199999999879e+01 -5.053019799999999861e+01 -4.477291699999999963e+01
-9.627717000000000525e+00 -6.373163999999999874e+01 -3.467661799999999772e+01
5.344659000000000049e+00 -6.600260099999999852e+01 -1.697001600000000110e+01
1.637610000000000099e+01 -6.731138400000000388e+01 -3.079781200000000041e+01
2.754982299999999995e+01 -6.896124700000000018e+01 -4.240508899999999670e+01
3.915975300000000203e+01 -7.156001500000000703e+01 -5.224053099999999716e+01
6.519570500000000379e+01 -5.998058400000000034e+01 -5.597277900000000272e+01
4.777181699999999864e+01 -7.314577099999999632e+01 -5.908266900000000277e+01
6.664400899999999695e+01 -4.980337800000000215e+01 -5.493377900000000125e+01
6.589922099999999716e+01 -5.196569600000000122e+01 -6.390044900000000183e+01
6.435775200000000495e+01 -5.958443299999999709e+01 -4.363610599999999806e+01
2.523606000000000016e+00 -2.939845800000000153e+01 -7.051349500000000603e+01
-1.294884799999999991e+01 -2.412765299999999868e+01 -6.419456200000000479e+01
1.925519600000000153e+01 -3.579393300000000266e+01 -7.347185899999999492e+01
3.252112400000000036e+01 -4.420477300000000298e+01 -7.376904199999999889e+01
4.444582299999999719e+01 -5.292263299999999759e+01 -7.697483499999999879e+01
5.510327800000000309e+01 -6.531628299999999854e+01 -6.981957500000000039e+01
5.114366199999999907e+01 -6.307020500000000141e+01 -7.902474999999999739e+01
-2.775268300000000110e+01 -1.807357999999999976e+01 -5.136653700000000100e+01
-2.287646900000000016e+01 -2.019496799999999936e+01 -5.692290500000000009e+01
4.959362099999999884e+01 -7.155163100000000043e+01 -5.071686199999999900e+01
